ID; LAT.GRAUS; LONG.GRAUS; LAT.RAD; LONG.RAD
1207528695;40.92781;-8.256233;-0.1440985;0.7143251
1207528698;40.92798;-8.25396;-0.1440588;0.7143281
1207528707;40.92802;-8.253532;-0.1440513;0.7143288
1207528708;40.92765;-8.25839;-0.1441361;0.7143222
1207528725;40.92759;-8.259324;-0.1441524;0.7143212
1207528737;40.92832;-8.249201;-0.1439757;0.714334
1207528742;40.9282;-8.250805;-0.1440037;0.7143319
1207528747;40.92811;-8.251899;-0.1440228;0.7143303
1207528762;40.92791;-8.254939;-0.1440759;0.7143268
1207590714;40.92781;-8.24951;-0.1439811;0.7143251
1207592221;40.92632;-8.249381;-0.1439789;0.7142991
1207592772;40.9279;-8.249309;-0.1439776;0.7143266
1207594023;40.9276;-8.249496;-0.1439809;0.7143213
1207594067;40.92793;-8.249028;-0.1439727;0.7143271
1207594149;40.92709;-8.249434;-0.1439798;0.7143124
1207711160;40.92619;-8.249346;-0.1439782;0.7142968
1207711162;40.92609;-8.249331;-0.143978;0.714295
1207711164;40.92833;-8.248891;-0.1439703;0.7143342
1207711171;40.92794;-8.248887;-0.1439702;0.7143274
1207730095;40.92851;-8.253634;-0.1440531;0.7143372
1207730125;40.92866;-8.253567;-0.1440519;0.7143399
1207730129;40.92811;-8.253448;-0.1440499;0.7143303
1207730168;40.92803;-8.253382;-0.1440487;0.7143289
1207730173;40.92859;-8.253584;-0.1440522;0.7143385
1207730206;40.92831;-8.253535;-0.1440514;0.7143338
1207730289;40.92801;-8.253674;-0.1440538;0.7143286
1207730355;40.92834;-8.2536;-0.1440525;0.7143344
1207730357;40.92822;-8.253571;-0.144052;0.7143321
1207730362;40.92847;-8.253568;-0.1440519;0.7143365
1207730386;40.9286;-8.253667;-0.1440537;0.7143389
1207730399;40.92865;-8.253685;-0.144054;0.7143398
1207730431;40.92818;-8.253506;-0.1440509;0.7143314
1207730438;40.92815;-8.253575;-0.1440521;0.7143309
1207730441;40.92758;-8.259711;-0.1441592;0.714321
1214900427;40.92635;-8.253806;-0.1440561;0.7142996
1214900429;40.92634;-8.253522;-0.1440511;0.7142994
1214900432;40.92789;-8.253213;-0.1440457;0.7143265
1214900433;40.92806;-8.24989;-0.1439877;0.7143294
1214900434;40.92802;-8.253377;-0.1440486;0.7143288
1214900435;40.92809;-8.249713;-0.1439847;0.71433
1214900436;40.92655;-8.252422;-0.1440319;0.714303
1214900437;40.92716;-8.251178;-0.1440102;0.7143137
1214900440;40.92642;-8.253093;-0.1440436;0.7143008
1214900441;40.92697;-8.251419;-0.1440144;0.7143103
1214900442;40.92734;-8.252257;-0.1440291;0.7143168
1214900444;40.92731;-8.253945;-0.1440585;0.7143162
1214900451;40.92794;-8.250582;-0.1439998;0.7143274
1214900452;40.92659;-8.251596;-0.1440175;0.7143037
1214900455;40.92741;-8.253908;-0.1440579;0.7143182
1214900462;40.92706;-8.254166;-0.1440624;0.714312
1214900472;40.92735;-8.252261;-0.1440291;0.7143169
1214900476;40.92802;-8.250373;-0.1439962;0.7143287
1214900478;40.9271;-8.251768;-0.1440205;0.7143127
1214900479;40.92746;-8.252572;-0.1440345;0.714319
1214900481;40.92796;-8.249346;-0.1439782;0.7143276
1214900482;40.92806;-8.250094;-0.1439913;0.7143294
1214900484;40.92636;-8.254112;-0.1440614;0.7142997
1214900491;40.92787;-8.250673;-0.1440014;0.714326
1214900504;40.92667;-8.252084;-0.144026;0.7143052
1214900508;40.92732;-8.251596;-0.1440175;0.7143165
1214900510;40.9283;-8.249368;-0.1439786;0.7143335
1214900518;40.92765;-8.252873;-0.1440398;0.7143223
1214900520;40.92676;-8.251983;-0.1440243;0.7143067
1214900522;40.92733;-8.251595;-0.1440175;0.7143166
1214900529;40.92699;-8.2518;-0.1440211;0.7143108
1214900531;40.92778;-8.253051;-0.1440429;0.7143245
1214900532;40.92735;-8.252128;-0.1440268;0.7143169
1214900534;40.92777;-8.250443;-0.1439974;0.7143243
1214900535;40.92788;-8.250402;-0.1439967;0.7143263
1214900540;40.92664;-8.251569;-0.144017;0.7143046
1214900544;40.92719;-8.25408;-0.1440609;0.7143142
1238928563;40.92715;-8.254633;-0.1440705;0.7143135
1238928564;40.92635;-8.25482;-0.1440738;0.7142996
1238928566;40.92733;-8.251756;-0.1440203;0.7143167
1238928568;40.92734;-8.251965;-0.144024;0.7143168
1238928571;40.92777;-8.251789;-0.1440209;0.7143244
1238928575;40.92705;-8.254681;-0.1440714;0.7143117
1238928576;40.92721;-8.254707;-0.1440718;0.7143146
1238928579;40.92755;-8.25526;-0.1440815;0.7143205
1238928584;40.92776;-8.251999;-0.1440246;0.7143241
1238928586;40.92722;-8.254042;-0.1440602;0.7143148
1238928588;40.92646;-8.254719;-0.144072;0.7143015
1238928591;40.92759;-8.254971;-0.1440764;0.7143212
1238928593;40.92668;-8.254691;-0.1440715;0.7143053
1240233113;40.92635;-8.253665;-0.1440536;0.7142995
1247388206;40.92657;-8.251605;-0.1440177;0.7143034
1247388440;40.92831;-8.249343;-0.1439782;0.7143338
1247388496;40.92789;-8.250401;-0.1439967;0.7143264
2486636561;40.92883;-8.254241;-0.1440637;0.7143429
2486636565;40.92852;-8.254281;-0.1440644;0.7143373
2486636568;40.92884;-8.25412;-0.1440616;0.714343
2486636574;40.92827;-8.25467;-0.1440712;0.7143331
2486636575;40.92841;-8.254386;-0.1440662;0.7143354
2486636577;40.92855;-8.254581;-0.1440696;0.7143381
2486636579;40.92833;-8.254501;-0.1440682;0.714334
2486636580;40.92834;-8.25474;-0.1440724;0.7143342
2486636582;40.92891;-8.254133;-0.1440618;0.7143441
2486636587;40.92828;-8.254587;-0.1440697;0.7143332
2486636592;40.92862;-8.254171;-0.1440625;0.7143391
2486636595;40.92871;-8.254407;-0.1440666;0.7143407
2486636597;40.92902;-8.254044;-0.1440602;0.7143461
2486636599;40.92875;-8.254123;-0.1440616;0.7143415
2486636602;40.92894;-8.254061;-0.1440605;0.7143448
2486636604;40.92844;-8.2547;-0.1440717;0.714336
